[setup]
sim_area_size = [7, 7, 3]
odor_source_pos = [1.0, 3.5, 1.5]
dt = 0.05

[wind]
wind_model = irrotational
wind_grid_size = 1.0
mean_wind_vector = [3.0, 0.0, 0.0]
colored_noise_params = [2.0, 0.7, 0.3]

[plume]
params = [1.0, 0.002, 20]

[camera]
camera_view = [-111.56624064663532, 72.718849200610578, 26.039890194566219, [5.1886868476867676, 3.5, 2.5]]

