[setup]
sim_area_size = [10.0, 7.0, 5.0]
odor_source_pos = [3.0, 4.0, 4.7338000000000005]

[wind]
wind_model = irrotational
wind_grid_size = 1.0
mean_wind_vector = [12.0, 0.0, 0.0]
colored_noise_params = [8.0, 0.4, 0.5]

[camera]
camera_view = [-111.56624064663532, 72.718849200610578, 26.039890194566215, [5.1886868476867676, 3.5, 2.5]]

