[setup]
sim_area_size = [7, 7, 3]
odor_source_pos = [1.2, 3.5, 1.5]
dt = 0.1

[wind]
wind_model = constant
wind_grid_size = 1.0
mean_wind_vector = [3.6000000000000014, 2.0619999999999994, 0.0]
colored_noise_params = [3.0, 0.1, 0.6]

[plume]
params = [1.0, 0.002, 100]

[robot]
robot_init_pos = [6.0, 3.5, 1.5]

[camera]
camera_view = [-111.56624064663532, 72.718849200610578, 26.039890194566219, [5.1886868476867676, 3.5, 2.5]]

